version https://git-lfs.github.com/spec/v1
oid sha256:6e9dbede043127d073087ca1ba3dd7da09d4d98cd1d14d3880e8148b40b6468a
size 1161
