version https://git-lfs.github.com/spec/v1
oid sha256:e1e7a899517cd4ea2f7d33f2ac10adffed8d593d1495635044d07a38f4af0eaf
size 32353
