version https://git-lfs.github.com/spec/v1
oid sha256:73e3b214180da2e2eb1a582d4c0c8b2ca1bce6afd6778c9bdd2b7cb158019d44
size 35789
