version https://git-lfs.github.com/spec/v1
oid sha256:f2681306d95efd0d856962b9bc0dda285ea2a5baf4d2d46e0a05262dd5e76449
size 35100
