version https://git-lfs.github.com/spec/v1
oid sha256:1d5dcf7a3bb6963270228666bcf46686571d2edbf207b0cbaf282377b6b38a9a
size 30042
