version https://git-lfs.github.com/spec/v1
oid sha256:9e097d477795fb103e402c1152d4161f96040cead30a88e18979e3c8753154bd
size 17624
