version https://git-lfs.github.com/spec/v1
oid sha256:aaf1574147c29446c9ab6e8ec2881f667c9dbfdacd397d6ea0bb0e3c98e6c76e
size 19104
