version https://git-lfs.github.com/spec/v1
oid sha256:3372b74cd05c8a0bc79dccfcc4512839379b6c6313283e8a15ecbe1d6a24406f
size 31136
