version https://git-lfs.github.com/spec/v1
oid sha256:c5135374309a700e2d8b24f277f1d9e0fdf69194ea75abd3020c407d80ef5363
size 17271
